48742
54384
53563
28027
14477
18163
37943
17226
42941
45806
62027
28192
4447
421
16747
41835
64852
15308
2937
13929
15794
12633
43012
50990
13138
16358
39709
7592
31936
13602
7464
5244
65325
19945
56183
43374
44894
40626
62606
50429
14032
25855
39644
39520
23558
20179
61044
65365
42714
43558
27473
63439
18685
6845
3235
22359
59438
29300
39383
59691
49710
33250
56363
53910
59224
7908
61033
13833
21997
41072
38160
32688
7008
25231
17142
16663
62175
28336
58842
33647
5199
24329
64171
12476
48735
20411
3937
27852
22705
54322
43967
278
11582
19738
1218
3989
33965
40517
44083
44620
8978
43384
30355
35231
12328
22079
24815
26771
6037
55620
45792
11948
56
52180
33772
10977
23180
32798
34574
62760
7286
58892
16344
46266
3890
15801
20822
2578
24948
30576
31083
52623
31343
7183
1586
48356
1580
53823
56255
28529
1822
21415
52264
23229
61169
24207
21025
17938
603
34802
40576
17422
13188
7368
65039
54761
54418
39320
28849
22409
15949
49797
19929
13417
40694
41875
3821
65091
13194
39751
29093
421
30464
55931
31845
37184
44554
4406
42828
16447
960
21520
17205
2867
55709
54973
3551
18821
37780
62285
10078
23525
18092
65201
8600
18648
55142
23054
44625
5831
34841
51170
52066
7965
14616
61408
28768
26319
1455
21462
47720
32398
55550
57641
29538
36033
43307
4901
6450
37892
65465
57972
30495
31217
13812
33090
47566
33280
58932
38420
27658
31821
24689
38851
46153
40827
185
7498
53505
47028
6786
18354
32989
41660
48971
17831
7907
47832
15451
18153
58625
42526
55032
30483
65141
31658
